       200         3
         2         3    1.500000E+02    2.250000E+02
       364       117    2.730000E+04    8.775000E+03    1.127366E+03    1.127366E+03
         0         0    0.000000E+00    0.000000E+00    6.000000E+07    2.509795E+07    0.000000E+00    4.182992E-01    0.000000E+00    6.770000E-01    3.730000E-01    4.000000E-01    4.000000E+06    1.000000E+09
         1         0    7.500000E+01    0.000000E+00    6.000000E+07    2.523141E+07    0.000000E+00    4.205235E-01    0.000000E+00    6.770000E-01    3.730000E-01    4.000000E-01    4.000000E+06    1.000000E+09
         2         0    1.500000E+02    0.000000E+00    6.000000E+07    2.524198E+07    0.000000E+00    4.206997E-01    0.000000E+00    6.770000E-01    3.730000E-01    4.000000E-01    4.000000E+06    1.000000E+09
         0         1    0.000000E+00    7.500000E+01    6.000000E+07    2.452244E+07    0.000000E+00    4.087074E-01    0.000000E+00    6.770000E-01    3.730000E-01    4.000000E-01    3.900000E+06    1.000000E+09
         1         1    7.500000E+01    7.500000E+01    6.000000E+07    2.474251E+07    0.000000E+00    4.123751E-01    0.000000E+00    6.770000E-01    3.730000E-01    4.000000E-01    3.900000E+06    1.000000E+09
         2         1    1.500000E+02    7.500000E+01    6.000000E+07    2.494272E+07    0.000000E+00    4.157120E-01    0.000000E+00    6.770000E-01    3.730000E-01    4.000000E-01    3.900000E+06    1.000000E+09
         0         2    0.000000E+00    1.500000E+02    6.000000E+07    2.411606E+07    0.000000E+00    4.019343E-01    0.000000E+00    6.770000E-01    3.730000E-01    4.000000E-01    3.800000E+06    1.000000E+09
         1         2    7.500000E+01    1.500000E+02    6.000000E+07    2.444593E+07    0.000000E+00    4.074322E-01    0.000000E+00    6.770000E-01    3.730000E-01    4.000000E-01    3.800000E+06    1.000000E+09
         2         2    1.500000E+02    1.500000E+02    6.000000E+07    2.488395E+07    0.000000E+00    4.147325E-01    0.000000E+00    6.770000E-01    3.730000E-01    4.000000E-01    3.800000E+06    1.000000E+09
         0         3    0.000000E+00    2.250000E+02    6.000000E+07    2.416032E+07    0.000000E+00    4.026720E-01    0.000000E+00    6.770000E-01    3.730000E-01    4.000000E-01    3.700000E+06    1.000000E+09
         1         3    7.500000E+01    2.250000E+02    6.000000E+07    2.445351E+07    0.000000E+00    4.075585E-01    0.000000E+00    6.770000E-01    3.730000E-01    4.000000E-01    3.700000E+06    1.000000E+09
         2         3    1.500000E+02    2.250000E+02    6.000000E+07    2.498051E+07    0.000000E+00    4.163419E-01    0.000000E+00    6.770000E-01    3.730000E-01    4.000000E-01    3.700000E+06    1.000000E+09
